0.099000 0.597081
0.098000 0.592161
0.097000 0.588782
0.096000 0.591348
0.095000 0.585534
0.094000 0.576347
0.093000 0.570807
0.092000 0.568901
0.091000 0.563471
0.090000 0.562034
0.089000 0.562420
0.088000 0.555286
0.087000 0.552825
0.086000 0.545027
0.085000 0.539208
0.084000 0.540994
0.083000 0.529799
0.082000 0.532403
0.081000 0.525787
0.080000 0.512306
0.079000 0.505806
0.078000 0.501699
0.077000 0.502886
0.076000 0.485012
0.075000 0.482705
0.074000 0.483663
0.073000 0.470053
0.072000 0.463175
0.071000 0.465646
0.070000 0.458077
0.069000 0.441702
0.068000 0.441153
0.067000 0.434956
0.066000 0.432652
0.065000 0.423406
0.064000 0.404659
0.063000 0.402328
0.062000 0.391505
0.061000 0.387316
0.060000 0.373138
0.059000 0.364078
0.058000 0.363791
0.057000 0.349003
0.056000 0.336990
0.055000 0.322493
0.054000 0.323488
0.053000 0.312453
0.052000 0.292933
0.051000 0.283836
0.050000 0.272114
0.049000 0.257812
0.048000 0.251562
0.047000 0.226029
0.046000 0.221251
0.045000 0.182312
0.044000 0.200980
0.043000 0.183992
0.042000 0.151921
0.041000 0.153065
0.040000 0.118943
0.039000 0.116566
0.038000 0.095310
0.037000 0.061612
0.036000 0.040378
0.035000 0.023896
0.034000 0.014525
0.033000 0.002631
0.032000 0.000288
0.031000 0.000000
0.030000 0.000000
0.029000 0.000000
0.028000 0.000000
0.027000 0.000000
0.026000 0.000000
0.025000 0.000000
0.024000 0.000000
0.023000 0.000000
0.022000 0.000000
0.021000 0.000000
0.020000 0.000000
0.019000 0.000000
0.018000 0.000000
0.017000 0.000000
0.016000 0.000000
0.015000 0.000000
0.014000 0.000000
0.013000 0.000000
0.012000 0.000000
0.011000 0.000000
0.010000 0.000000
0.009000 0.000000
0.008000 0.000000
0.007000 0.000000
0.006000 0.000000
0.005000 0.000000
0.004000 0.000000
0.003000 0.000000
0.002000 0.000000
0.001000 0.000000
