1 0.012489
2 0.019973
3 0.029327
4 0.100806
5 0.115298
6 0.021995
7 0.010240
8 0.048627
9 0.068618
10 0.013208
11 0.022117
12 0.012495
13 0.011684
14 0.062587
15 0.010439
16 0.030200
17 0.016315
18 0.010356
19 0.014138
20 0.011712
21 0.017486
22 0.016634
23 0.071163
24 0.530865
25 0.027625
26 0.021992
27 0.015009
28 0.012799
29 0.066730
30 0.010902
31 0.041693
32 0.018585
33 0.011696
34 0.011617
35 0.094293
36 0.015866
37 0.026082
38 0.032874
39 0.011488
40 0.015961
41 0.021762
42 0.013991
43 0.010017
44 0.110761
45 0.012350
46 0.015714
47 0.024317
48 0.010182
49 0.013371
50 0.015765
51 0.010513
52 0.023810
53 0.051804
54 0.014568
55 0.016097
56 0.012840
57 0.016648
58 0.012014
59 0.024253
60 0.023795
61 0.038950
62 0.057421
63 0.012347
64 0.012501
65 0.034974
66 0.020203
67 0.013249
68 0.021747
69 0.021345
70 0.012392
71 0.013497
72 0.012027
73 0.013995
74 0.014151
75 0.047435
76 0.015609
77 0.010190
78 0.015292
79 0.019611
80 0.010617
81 0.010772
82 0.033828
83 0.010441
84 0.011593
85 0.019474
86 0.016713
87 0.015943
88 0.011291
89 0.011409
90 0.017826
91 0.011848
92 0.025454
93 0.012293
94 0.015030
95 0.010803
96 0.025536
97 0.021454
98 0.028965
99 0.028163
100 0.011876
101 0.046258
102 0.024878
103 0.019528
104 0.011088
105 0.012067
106 0.010614
107 0.016119
108 0.024762
109 0.106872
110 0.019644
111 0.023284
112 0.013505
113 0.046541
114 0.088077
115 0.301831
116 0.010120
117 0.027663
118 0.047899
119 0.010122
120 0.016678
121 0.010251
122 0.010027
123 0.012675
124 0.016073
125 0.010111
126 0.012709
127 0.039134
128 0.034831
129 0.015415
130 0.018205
131 0.021527
132 0.011739
133 0.013760
134 0.019234
135 0.010802
136 0.011051
137 0.022175
138 0.012717
139 0.015218
140 0.010477
141 0.013774
142 0.014215
143 0.113147
144 0.011055
145 0.011107
146 0.045133
147 0.010127
148 0.161622
149 0.011753
150 0.012050
151 0.011377
152 0.012737
153 0.022603
154 0.083117
155 0.038295
156 0.016336
157 0.028015
158 0.022801
159 0.010443
160 0.012601
161 0.012454
162 0.011148
163 0.068023
164 0.011164
165 0.036734
166 0.075003
167 0.056369
168 0.010461
169 0.015733
170 0.010604
171 0.068269
172 0.011494
173 0.012853
174 0.038185
175 0.014431
176 0.018512
177 0.016441
178 0.032665
179 0.030720
180 0.012800
181 0.017185
182 0.053216
183 0.010984
184 0.012235
185 0.010506
186 0.010345
187 0.013563
188 0.023540
189 0.010193
190 0.017985
191 0.011799
192 0.024227
193 0.014340
194 0.024326
195 0.010116
196 0.076055
197 0.035802
198 0.014356
199 0.012152
200 0.020667
201 0.020355
202 0.018759
203 0.020016
204 0.012054
205 0.018658
206 0.024474
207 0.010872
208 0.035058
209 0.010068
210 0.010833
211 0.018281
212 0.018522
213 0.011766
214 0.075604
215 0.010487
216 0.010741
217 0.012621
218 0.010243
219 0.026508
220 0.015009
221 0.098143
222 0.015664
223 0.049516
224 0.023368
225 0.015836
226 0.027148
227 0.040856
228 0.060125
229 0.020667
230 0.013689
231 0.012592
232 0.017932
233 0.015644
234 0.011824
235 0.030307
236 0.027244
237 0.041991
238 0.014329
239 0.011066
240 0.039788
241 0.034877
242 0.012048
243 0.010767
244 0.042735
245 0.013839
246 0.010152
247 0.011647
248 0.014501
249 0.031454
250 0.032843
251 0.017648
252 0.015190
253 0.019008
254 0.019755
255 0.024034
256 0.022398
257 0.014248
258 0.035452
259 0.010285
260 0.030696
261 0.013640
262 0.032382
263 0.012381
264 0.013756
265 0.017768
266 0.014237
267 0.011631
268 0.024476
269 0.016890
270 0.068844
271 0.018632
272 0.018077
273 0.017482
274 0.041485
275 0.018931
276 0.018020
277 0.010254
278 0.015115
279 0.027859
280 0.024974
281 0.013703
282 0.016172
283 0.030666
284 0.047869
285 0.026755
286 0.049307
287 0.012886
288 0.010275
289 0.013061
290 0.022050
291 0.016820
292 0.023762
293 0.034026
294 0.014729
295 0.015108
296 0.016177
297 0.028196
298 0.032486
299 0.010895
300 0.015531
301 0.026736
302 0.010173
303 0.020611
304 0.029560
305 0.150855
306 0.034271
307 0.062528
308 0.016642
309 0.054516
310 0.012254
311 0.010655
312 0.015355
313 0.098020
314 0.012785
315 0.010380
316 0.013092
317 0.010011
318 0.032128
319 0.012987
320 0.747032
321 0.022535
322 0.011628
323 0.076512
324 0.011670
325 0.023024
326 0.016530
327 0.011140
328 0.013368
329 0.012339
330 0.012492
331 0.013960
332 0.026824
333 0.016529
334 0.010099
335 0.015534
336 0.011990
337 0.011489
338 0.010704
339 0.014098
340 0.098823
341 0.017720
342 0.010506
343 0.014537
344 0.058913
345 0.041838
346 0.018424
347 0.013878
348 0.022978
349 0.020580
350 0.017789
351 0.014868
352 0.025343
353 0.012332
354 0.014411
355 0.013731
356 0.011549
357 0.014315
358 0.010503
359 0.020613
360 0.011328
361 0.014902
362 0.024326
363 0.013798
364 0.027030
365 0.017379
366 0.056928
367 0.012439
368 0.016256
369 0.017145
370 0.026693
371 0.041657
372 0.016627
373 0.012872
374 0.011511
375 0.011089
376 0.013218
377 0.021966
378 0.059485
379 0.014773
380 0.014356
381 0.043091
382 0.010049
383 0.014259
384 0.013729
385 0.010277
386 0.017263
387 0.014917
388 0.010261
389 0.011179
390 0.022047
391 0.013433
392 0.011115
393 0.010275
394 0.012785
395 0.133717
396 0.010466
397 0.014067
398 0.014595
399 0.012547
400 0.011356
401 0.024508
402 0.011140
403 0.027158
404 0.012466
405 0.011964
406 0.017792
407 0.018556
408 0.034104
409 0.012087
410 0.943323
411 0.013694
412 0.011869
413 0.018412
414 0.018722
415 0.107330
416 0.037204
417 0.012824
418 0.117554
419 0.013151
420 0.015689
421 0.051192
422 0.021796
423 0.019159
424 0.013567
425 0.010203
426 0.012375
427 0.018671
428 0.019202
429 0.013304
430 0.036807
431 0.027581
432 0.019876
433 0.021344
434 0.020969
435 0.010109
436 0.020871
437 0.011762
438 0.035807
439 0.011769
440 0.015249
441 0.021288
442 0.020429
443 0.039995
444 0.012938
445 0.015741
446 0.016826
447 0.050787
448 0.010665
449 0.020584
450 0.011503
451 0.024031
452 0.023099
453 0.015200
454 0.582386
455 0.040517
456 0.031919
457 0.021930
458 0.010458
459 0.011820
460 0.033671
461 0.015782
462 0.011485
463 0.010440
464 0.012352
465 0.018184
466 0.059803
467 0.010434
468 0.017256
469 0.051631
470 0.012495
471 0.014283
472 0.011321
473 0.014048
474 0.052129
475 0.011249
476 0.012574
477 0.010350
478 0.018857
479 0.010375
480 0.038348
481 0.072454
482 0.039635
483 0.037751
484 0.012414
485 0.013473
486 0.011814
487 0.017612
488 0.014358
489 0.017901
490 0.012335
491 0.012758
492 0.015901
493 0.022986
494 0.010403
495 0.015121
496 0.012782
497 0.122844
498 0.021591
499 0.048723
500 0.011826
501 0.026957
502 0.029196
503 0.020658
504 0.028752
505 0.010771
506 0.066197
507 0.165809
508 0.011003
509 0.016525
510 0.012603
511 0.012027
512 0.043754
513 0.012860
514 0.036945
515 0.015717
516 0.011134
517 0.057405
518 0.018854
519 0.011494
520 0.076545
521 0.016666
522 0.019519
523 0.040550
524 0.030450
525 0.020232
526 0.026147
527 0.013279
528 0.049318
529 0.018888
530 0.033607
531 0.010563
532 0.013120
533 0.010106
534 0.161622
535 0.015112
536 0.010762
537 0.026724
538 0.010396
539 0.019405
540 0.012129
541 0.113499
542 0.022427
543 0.013440
544 0.026851
545 0.011393
546 0.011005
547 0.048755
548 0.022777
549 0.012458
550 0.010645
551 0.011994
552 0.011058
553 0.020803
554 0.010395
555 0.015581
556 0.013707
557 0.024960
558 0.012208
559 0.010815
560 0.011044
561 0.017470
562 0.015005
563 0.019408
564 0.124818
565 0.019796
566 0.010575
567 0.013161
568 0.025874
569 0.020333
570 0.024449
571 0.049219
572 0.014953
573 0.011688
574 0.019114
575 0.012861
576 0.010199
577 0.012027
578 0.033611
579 0.058947
580 0.024843
581 0.012846
582 0.011758
583 0.012307
584 0.018283
585 0.013683
586 0.018253
587 0.011694
588 0.011676
589 0.011699
590 0.011136
591 0.011433
592 0.090149
593 0.011385
594 0.025844
595 0.011149
596 0.019789
597 0.014656
598 0.140052
599 0.035485
600 0.013115
601 0.012627
602 0.019193
603 0.011294
604 0.077448
605 0.033357
606 0.015597
607 0.010369
608 0.010577
609 0.015668
610 0.012365
611 0.051338
612 0.014839
613 0.022301
614 0.011780
615 0.035394
616 0.034535
617 0.013179
618 0.015120
619 0.020434
620 0.023440
621 0.010253
622 0.022239
623 0.010126
624 0.012235
625 0.010483
626 0.010944
627 0.025632
628 0.011790
629 0.095419
630 0.012033
631 0.018187
632 0.012721
633 0.016097
634 0.015951
635 0.012446
636 0.013688
637 0.012050
638 0.013893
639 0.016950
640 0.012184
641 0.011493
642 0.044050
643 0.024734
644 0.014263
645 0.045587
646 0.121050
647 0.018227
648 0.012890
649 0.016276
650 0.010195
651 0.113587
652 0.024811
653 0.010029
654 0.032351
655 0.010805
656 0.030388
657 0.011116
658 0.010647
659 0.010723
660 0.010082
661 0.017791
662 0.010510
663 0.011462
664 0.010347
665 0.014090
666 0.012996
667 0.020338
668 0.024843
669 0.018366
670 0.010558
671 0.029457
672 0.028376
673 0.041357
674 0.012792
675 0.032811
676 0.020028
677 0.011093
678 0.010210
679 0.011026
680 0.013296
681 0.011193
682 0.031113
683 0.032748
684 0.016009
685 0.020936
686 0.010847
687 0.118330
688 0.012727
689 0.018389
690 0.013174
691 0.013446
692 0.023786
693 0.014073
694 0.013128
695 0.012469
696 0.037600
697 0.013356
698 0.011527
699 0.011933
700 0.015792
701 0.035119
702 0.080735
703 0.036294
704 0.032012
705 0.014024
706 0.012563
707 0.010956
708 0.017301
709 0.015026
710 0.017596
711 0.011112
712 0.011420
713 0.026760
714 0.016179
715 0.014614
716 0.019917
717 0.013666
718 0.028217
719 0.011326
720 0.013064
721 0.044460
722 0.023341
723 0.012086
724 0.015463
725 0.013231
726 0.017139
727 0.017482
728 0.064662
729 0.010165
730 0.013521
731 0.015492
732 0.015256
733 0.023557
734 0.010630
735 0.026942
736 0.014174
737 0.034689
738 0.025822
739 0.010792
740 0.101070
741 0.019666
742 0.014913
743 0.012987
744 0.089902
745 0.011347
746 0.077516
747 0.016241
748 0.011624
749 0.011967
750 0.024658
751 0.012393
752 0.013939
753 0.027387
754 0.011962
755 0.010059
756 0.028125
757 0.010690
758 0.048744
759 0.025770
760 0.013762
761 0.013494
762 0.012201
763 0.014103
764 0.049920
765 0.024231
766 0.011473
767 0.020389
768 0.015648
769 0.018885
770 0.029002
771 0.027519
772 0.010702
773 0.012298
774 0.011362
775 0.014096
776 0.025291
777 0.014755
778 0.010998
779 0.013293
780 0.019327
781 0.011213
782 0.016258
783 0.047950
784 0.045168
785 0.012537
786 0.010305
787 0.014326
788 0.017794
789 0.010967
790 0.011892
791 0.018481
792 0.011548
793 0.018182
794 0.014826
795 0.016528
796 0.015329
797 0.011371
798 0.019271
799 0.019519
800 0.059154
801 0.013704
802 0.019828
803 0.021755
804 0.017576
805 0.022641
806 0.047356
807 0.011091
808 0.016008
809 0.070646
810 0.011608
811 0.023550
812 0.027302
813 0.031511
814 0.012904
815 0.022625
816 0.011189
817 0.023854
818 0.015068
819 0.027279
820 0.011451
821 0.022226
822 0.010059
823 0.040303
824 0.012617
825 0.011821
826 0.020409
827 0.055974
828 0.011755
829 0.010867
830 0.014683
831 0.038081
832 0.015841
833 0.010600
834 0.021567
835 0.046655
836 0.014519
837 0.010744
838 0.015036
839 0.013216
840 0.010690
841 0.013135
842 0.015151
843 0.114299
844 0.051866
845 0.021930
846 0.010001
847 0.013405
848 0.013857
849 0.022148
850 0.076710
851 0.058759
852 0.013214
853 0.033553
854 0.013956
855 0.013940
856 0.015914
857 0.010270
858 0.027123
859 0.011457
860 0.018474
861 0.014303
862 0.012765
863 0.016937
864 0.037723
865 0.099579
866 0.015354
867 0.010152
868 0.010813
869 0.013703
870 0.012828
871 0.031608
872 0.012577
873 0.016688
874 0.013851
875 0.086566
876 0.022685
877 0.010104
878 0.010557
879 0.017310
880 0.023225
881 0.010466
882 0.011173
883 0.012019
884 0.011578
885 0.013498
886 0.011478
887 0.206790
888 0.016873
889 0.010835
890 0.034589
891 0.014609
892 0.015976
893 0.022632
894 0.017659
895 0.046007
896 0.018589
897 0.016963
898 0.023190
899 0.011462
900 0.015168
901 0.011985
902 0.018303
903 0.014760
904 0.026957
905 0.025817
906 0.018046
907 0.010538
908 0.011890
909 0.030916
910 0.023452
911 0.010441
912 0.011407
913 0.222367
914 0.034113
915 0.018723
916 0.012702
917 0.038733
918 0.034932
919 0.016820
920 0.010372
921 0.028746
922 0.010425
923 0.013069
924 0.011620
925 0.014177
926 0.011997
927 0.011408
928 0.011686
929 0.018920
930 0.012383
931 0.010388
932 0.024890
933 0.011348
934 0.010724
935 0.010647
936 0.010988
937 0.015791
938 0.034298
939 0.012007
940 0.083853
941 0.047626
942 0.025765
943 0.019397
944 0.022710
945 0.049417
946 0.083442
947 0.015232
948 0.018780
949 0.024323
950 0.015681
951 0.074476
952 0.017514
953 0.023207
954 0.027089
955 0.010452
956 0.013690
957 0.023182
958 0.079049
959 0.021041
960 0.010442
961 0.012131
962 0.011264
963 0.032455
964 0.018844
965 0.014895
966 0.012268
967 0.021488
968 0.036116
969 0.016300
970 0.010607
971 0.049307
972 0.027999
973 0.038418
974 0.020949
975 0.010470
976 0.011141
977 0.016756
978 0.018446
979 0.027227
980 0.015693
981 0.010926
982 0.043193
983 0.011178
984 0.016695
985 0.028546
986 0.015923
987 0.013372
988 0.010871
989 0.018872
990 0.010242
991 0.022172
992 0.015186
993 0.030483
994 0.017247
995 0.011960
996 0.011019
997 0.010891
998 0.011512
999 0.011352
1000 0.013229
1001 0.041809
1002 0.014054
1003 0.010490
1004 0.010033
1005 0.010551
1006 0.018306
1007 0.011648
1008 0.012146
1009 0.040808
1010 0.010137
1011 0.010224
1012 0.022836
1013 0.107254
1014 0.015267
1015 0.010848
1016 0.012787
1017 0.011769
1018 0.048074
1019 0.014897
1020 0.055146
1021 0.037198
1022 0.014786
1023 0.018484
1024 0.019091
1025 0.064276
1026 0.028321
1027 0.016588
1028 0.027689
1029 0.010096
1030 0.019545
1031 0.016817
1032 0.046361
1033 0.055088
1034 0.010235
1035 0.011968
1036 0.012828
1037 0.021538
1038 0.013084
1039 0.049099
1040 0.021146
1041 0.011706
1042 0.019188
1043 0.012184
1044 0.014806
1045 0.010020
1046 0.012904
1047 0.032740
1048 0.011078
1049 0.015154
1050 0.030018
1051 0.011033
1052 0.022086
1053 0.737387
1054 0.029779
1055 0.026413
1056 0.019693
1057 0.017089
1058 0.013268
1059 0.016083
1060 0.014668
1061 0.024799
1062 0.010059
1063 0.029363
1064 0.024453
1065 0.012170
1066 0.013858
1067 0.015051
1068 0.030643
1069 0.019095
1070 0.013032
1071 0.010535
1072 0.128411
1073 0.010682
1074 0.125607
1075 0.010041
1076 0.012415
1077 0.023281
1078 0.011350
1079 0.013103
1080 0.011627
1081 0.012593
1082 0.011498
1083 0.023762
1084 0.024742
1085 0.013351
1086 0.014062
1087 0.018542
1088 0.016619
1089 0.036151
1090 0.038208
1091 0.015668
1092 0.013783
1093 0.022546
1094 0.013770
1095 0.452379
1096 0.117074
1097 0.027143
1098 0.010112
1099 0.012878
1100 0.010162
1101 0.018508
1102 0.021918
1103 0.019403
1104 0.019504
1105 0.013659
1106 0.029514
1107 0.013575
1108 0.011559
1109 0.014138
1110 0.014580
1111 0.021329
1112 0.017258
1113 0.024508
1114 0.011439
1115 0.010471
1116 0.027545
1117 0.010166
1118 0.011262
1119 0.017156
1120 0.011887
1121 0.013063
1122 0.011168
1123 0.013008
1124 0.012803
1125 0.010505
1126 0.015413
1127 0.011644
1128 0.019548
1129 0.020817
1130 0.019560
1131 0.052809
1132 0.036713
1133 0.010931
1134 0.011498
1135 0.016607
1136 0.010091
1137 0.011352
1138 0.119520
1139 0.085638
1140 0.018238
1141 0.010952
1142 0.011131
1143 0.085769
1144 0.011507
1145 0.010941
1146 0.010577
1147 0.016545
1148 0.059537
1149 0.046837
1150 0.021640
1151 0.010685
1152 0.017058
1153 0.024715
1154 0.011224
1155 0.014073
1156 0.012906
1157 0.029049
1158 0.021292
1159 0.016501
1160 0.019937
1161 0.013857
1162 0.010824
1163 0.048808
1164 0.019861
1165 0.015135
1166 0.011987
1167 0.026784
1168 0.014063
1169 0.045705
1170 0.016567
1171 0.061062
1172 0.012395
1173 0.024045
1174 0.010213
1175 0.012686
1176 0.121571
1177 0.010363
1178 0.013065
1179 0.010183
1180 0.023413
1181 0.020220
1182 0.011782
1183 0.023721
1184 0.011979
1185 0.011056
1186 0.428831
1187 0.019423
1188 0.049954
1189 0.019227
1190 0.010148
1191 0.010797
1192 0.034409
1193 0.021231
1194 0.015324
1195 0.015035
1196 0.010796
1197 0.021170
1198 0.051879
1199 0.013596
1200 0.145860
1201 0.011963
1202 0.020408
1203 0.100938
1204 0.014813
1205 0.035025
1206 0.014807
1207 0.035456
1208 0.022823
1209 0.014046
1210 0.016678
1211 0.274713
1212 0.010604
1213 0.023588
1214 0.020629
1215 0.191044
1216 0.056865
1217 0.034928
1218 0.061496
1219 0.015113
1220 0.800458
1221 0.010496
1222 0.011605
1223 0.010837
1224 0.109695
1225 0.017290
1226 0.046333
1227 0.012360
1228 0.013918
1229 0.018465
1230 0.078871
1231 0.013689
1232 0.035966
1233 0.011175
1234 0.022327
1235 0.012429
1236 0.023255
1237 0.041925
1238 0.014260
1239 0.028956
1240 0.010614
1241 0.013085
1242 0.015023
1243 0.014086
1244 0.013465
1245 0.013289
1246 0.017872
1247 0.014857
1248 0.011299
1249 0.015360
1250 0.014006
1251 0.039239
1252 0.046035
1253 0.014587
1254 0.017385
1255 0.024750
1256 0.021431
1257 0.013203
1258 0.024024
1259 0.018022
1260 0.010239
1261 0.037285
1262 0.024870
1263 0.039865
1264 0.010099
1265 0.046446
1266 0.011264
1267 0.018542
1268 0.010841
1269 0.010215
1270 0.018793
1271 0.013416
1272 0.022473
1273 0.012614
1274 0.010070
1275 0.025329
1276 0.012634
1277 0.016586
1278 0.011524
1279 0.022459
1280 0.014244
1281 0.050354
1282 0.088406
1283 0.013606
1284 0.013114
1285 0.028672
1286 0.010887
1287 0.011912
1288 0.016404
1289 0.018525
1290 0.015115
1291 0.011312
1292 0.186026
1293 0.036473
1294 0.013073
1295 0.139459
1296 0.013614
1297 0.010056
1298 0.022493
1299 0.011822
1300 0.010407
1301 0.012236
1302 0.013709
1303 0.027006
1304 0.010522
1305 0.010081
1306 0.012307
1307 0.010554
1308 0.010305
1309 0.010506
1310 0.013546
1311 0.013825
1312 0.010139
1313 0.013062
1314 0.013594
1315 0.373315
1316 0.014593
1317 0.010126
1318 0.016514
1319 0.033561
1320 0.087751
1321 0.011755
1322 0.024610
1323 0.012877
1324 0.018653
1325 0.026653
1326 0.014273
1327 0.034000
1328 0.024224
1329 0.012534
1330 0.011035
1331 0.062948
1332 0.013791
1333 0.013024
1334 0.022206
1335 0.013083
1336 0.018685
1337 0.015699
1338 0.015043
1339 0.065519
1340 0.011260
1341 0.016725
1342 0.019524
1343 0.011182
1344 0.012206
1345 0.011429
1346 0.016067
1347 0.012963
1348 0.023964
1349 0.025022
1350 0.010817
1351 0.036834
1352 0.013504
1353 0.012976
1354 0.013707
1355 0.036478
1356 0.020323
1357 0.017457
1358 0.013340
1359 0.019414
1360 0.032177
1361 0.032724
1362 0.014610
1363 0.010631
1364 0.013018
1365 0.026138
1366 0.011825
1367 0.013144
1368 0.019412
1369 0.010157
1370 0.095764
1371 0.014680
1372 0.018992
1373 0.012531
1374 0.011428
1375 0.022478
1376 0.012663
1377 0.011601
1378 0.014575
1379 0.014918
1380 0.011322
1381 0.014181
1382 0.033897
1383 0.019046
1384 0.010002
1385 0.013424
1386 0.013083
1387 0.011176
1388 0.012669
1389 0.213366
1390 0.011207
1391 0.017241
1392 0.012358
1393 0.010103
1394 0.023413
1395 0.016799
1396 0.016654
1397 0.042536
1398 0.012138
1399 0.010974
1400 0.013542
1401 0.011362
1402 0.013127
1403 0.011551
1404 0.027491
1405 0.014980
1406 0.035447
1407 0.025670
1408 0.011786
1409 0.014049
1410 0.013223
1411 0.010115
1412 0.010710
1413 0.011654
1414 0.013300
1415 0.015399
1416 0.010375
1417 0.010182
1418 0.023637
1419 0.010704
1420 0.010832
1421 0.017513
1422 0.015905
1423 0.037751
1424 0.018443
1425 0.015723
1426 0.012481
1427 0.022162
1428 0.010410
1429 0.028487
1430 0.024980
1431 0.010611
1432 0.069927
1433 0.028887
1434 0.012226
1435 0.013577
1436 0.014528
1437 0.081963
1438 0.011059
1439 0.010499
1440 0.010023
1441 0.010553
1442 0.018486
1443 0.011455
1444 0.012316
1445 0.010947
1446 0.054362
1447 0.031085
1448 0.018706
1449 0.012969
1450 0.032906
1451 0.010812
1452 0.010559
1453 0.018701
1454 0.022887
1455 0.031130
1456 0.012136
1457 0.011629
1458 0.017235
1459 0.015610
1460 0.013382
1461 0.013460
1462 0.012966
1463 0.018555
1464 0.014264
1465 0.010156
1466 0.018292
1467 0.020019
1468 0.024902
1469 0.015775
1470 0.011641
1471 0.014523
1472 0.016865
1473 0.030258
1474 0.023899
1475 0.020127
1476 0.034205
1477 0.066129
1478 0.015971
1479 0.010442
1480 0.020531
1481 0.016290
1482 0.010627
1483 0.011129
1484 0.017869
1485 0.011615
1486 0.026555
1487 0.023522
1488 0.017514
1489 0.013484
1490 0.011090
1491 0.013658
1492 0.012516
1493 0.012089
1494 0.012122
1495 0.010925
1496 0.022841
1497 0.012283
1498 0.013362
1499 0.012141
1500 0.012956
1501 0.016944
1502 0.035773
1503 0.020146
1504 0.019638
1505 0.015032
1506 0.014032
1507 0.019832
1508 0.013851
1509 0.011607
1510 0.022151
1511 0.020552
1512 0.010770
1513 0.011318
1514 0.010537
1515 0.022092
1516 0.014320
1517 0.011749
1518 0.012856
1519 0.050239
1520 0.029372
1521 0.015248
1522 0.028332
1523 0.013313
1524 0.010917
1525 0.045301
1526 0.015057
1527 0.010804
1528 0.021867
1529 0.011795
1530 0.022107
1531 0.061174
1532 0.011174
1533 0.013650
1534 0.017128
1535 0.017953
1536 0.169794
1537 0.011220
1538 0.014697
1539 0.053484
1540 0.039628
1541 0.011939
1542 0.025494
1543 0.010688
1544 0.025054
1545 0.010797
1546 0.016827
1547 0.026634
1548 0.027604
1549 0.012704
1550 0.019765
1551 0.025081
1552 0.010789
1553 0.012757
1554 0.014190
1555 0.063791
1556 0.016832
1557 0.016525
1558 0.016576
1559 0.010405
1560 0.010829
1561 0.037031
1562 0.072283
1563 0.118330
1564 0.019841
1565 0.010112
1566 0.014563
1567 0.010816
1568 0.011620
1569 0.013117
1570 0.033519
1571 0.026822
1572 0.021492
1573 0.011178
1574 0.018117
1575 0.040323
1576 0.012699
1577 0.014949
1578 0.013877
1579 0.053537
1580 0.012505
1581 0.044681
1582 0.022312
1583 0.019379
1584 0.016989
1585 0.060819
1586 0.010433
1587 0.011586
1588 0.019235
1589 0.011133
1590 0.022774
1591 0.015815
1592 0.019711
1593 0.014810
1594 0.018123
1595 0.011517
1596 0.018370
1597 0.012688
1598 0.012260
1599 0.011065
1600 0.029034
1601 0.021704
1602 0.024356
1603 0.010158
1604 0.018403
1605 0.036162
1606 0.026755
1607 0.017073
1608 0.013774
1609 0.018434
1610 0.020960
1611 0.011839
1612 0.062036
1613 0.011684
1614 0.010739
1615 0.140202
1616 0.010683
1617 0.022097
1618 0.102754
1619 0.023047
1620 0.037198
1621 0.016740
1622 0.043130
1623 0.191369
1624 0.034035
1625 0.016149
1626 0.012168
1627 0.055292
1628 0.011973
1629 0.032459
1630 0.015589
1631 0.018947
1632 0.011594
1633 0.011623
1634 0.014669
1635 0.010158
1636 0.030811
1637 0.010087
1638 0.016419
1639 0.022050
1640 0.016141
1641 0.011910
1642 0.018493
1643 0.012591
1644 0.011178
1645 0.011979
1646 0.010786
1647 0.012256
1648 0.019030
1649 0.011764
1650 0.016141
1651 0.018618
1652 0.011095
1653 0.012280
1654 0.019155
1655 0.010912
1656 0.011568
1657 0.041571
1658 0.024144
1659 0.010356
1660 0.011396
1661 0.207584
1662 0.011533
1663 0.016155
1664 0.024007
1665 0.011077
1666 0.013943
1667 0.020394
1668 0.057728
1669 0.010592
1670 0.023924
1671 0.050587
1672 0.010928
1673 0.012718
1674 0.017103
1675 0.012306
1676 0.026062
1677 0.025757
1678 0.019677
1679 0.089074
1680 0.048074
1681 0.014061
1682 0.011818
1683 0.016395
1684 0.027037
1685 0.021146
1686 0.010902
1687 0.016333
1688 0.010624
1689 0.020321
1690 0.114660
1691 0.132794
1692 0.014893
1693 0.072311
1694 0.010974
1695 0.033144
1696 0.019428
1697 0.010381
1698 0.011754
1699 0.013194
1700 0.066730
1701 0.012712
1702 0.055974
1703 0.034302
1704 0.017107
1705 0.010413
1706 0.010336
1707 0.031601
1708 0.276332
1709 0.013061
1710 0.012341
1711 0.018495
1712 0.019783
1713 0.014630
1714 0.027994
1715 0.020013
1716 0.015123
1717 0.045310
1718 0.012102
1719 0.033603
1720 0.029390
1721 0.011729
1722 0.010586
1723 0.020108
1724 0.015594
1725 0.020331
1726 0.022452
1727 0.018985
1728 0.010264
1729 0.026299
1730 0.021034
1731 0.010131
1732 0.012316
1733 0.021852
1734 0.012724
1735 0.011193
1736 0.010289
1737 0.010145
1738 0.026548
1739 0.011249
1740 0.015535
1741 0.012575
1742 0.011979
1743 0.024150
1744 0.014361
1745 0.028112
1746 0.010385
1747 0.021752
1748 0.012913
1749 0.033819
1750 0.016481
1751 0.025748
1752 0.016725
1753 0.011787
1754 0.012859
1755 0.016533
1756 0.010958
1757 0.033620
1758 0.109372
1759 0.058862
1760 0.010001
1761 0.013837
1762 0.021762
1763 0.011338
1764 0.023466
1765 0.010336
1766 0.023043
1767 0.017025
1768 0.024400
1769 0.283058
1770 0.017146
1771 0.010142
1772 0.012400
1773 0.025947
1774 0.014493
1775 0.064814
1776 0.024541
1777 0.011697
1778 0.010187
1779 0.043893
1780 0.037633
1781 0.011551
1782 0.011020
1783 0.503523
1784 0.013995
1785 0.018958
1786 0.010642
1787 0.019107
1788 0.019071
1789 0.010062
1790 0.020375
1791 0.039110
1792 0.015259
1793 0.012726
1794 0.013251
1795 0.029854
1796 0.016474
1797 0.078942
1798 0.020717
1799 0.025770
1800 0.022174
1801 0.010442
1802 0.014043
1803 0.020765
1804 0.031245
1805 0.019850
1806 0.013827
1807 0.033221
1808 0.010077
1809 0.023858
1810 0.037466
1811 0.010216
1812 0.010162
1813 0.014589
1814 0.048375
1815 0.012732
1816 0.013821
1817 0.019555
1818 0.125155
1819 0.015037
1820 0.018946
1821 0.015072
1822 0.010949
1823 0.017553
1824 0.012772
1825 0.011512
1826 0.040079
1827 0.015161
1828 0.012840
1829 0.027042
1830 0.012894
1831 0.016881
1832 0.041252
1833 0.018204
1834 0.014947
1835 0.045142
1836 0.103030
1837 0.019000
1838 0.012841
1839 0.010466
1840 0.016884
1841 0.020465
1842 0.040053
1843 0.014261
1844 0.010980
1845 0.029983
1846 0.013081
1847 0.014987
1848 0.014341
1849 0.027227
1850 0.022834
1851 0.010744
1852 0.011375
1853 0.012267
1854 0.014277
1855 0.011499
1856 0.012430
1857 0.622392
1858 0.021184
1859 0.011769
1860 0.010840
1861 0.020200
1862 0.015647
1863 0.022348
1864 0.011203
1865 0.011941
1866 0.010158
1867 0.010281
1868 0.215093
1869 0.011166
1870 0.010482
1871 0.012786
1872 0.017254
1873 0.018160
1874 0.016719
1875 0.039666
1876 0.055233
1877 0.013386
1878 0.017208
1879 0.012238
1880 0.012884
1881 0.033201
1882 0.011337
1883 0.011136
1884 0.025998
1885 0.012407
1886 0.011636
1887 0.053524
1888 0.010388
1889 0.087705
1890 0.012611
1891 0.020763
1892 0.013638
1893 0.016084
1894 0.020374
1895 0.010381
1896 0.012651
1897 0.050610
1898 0.017610
1899 0.083688
1900 0.016982
1901 0.015658
1902 0.011272
1903 0.012348
1904 0.011418
1905 0.014087
1906 0.015370
1907 0.027635
1908 0.016947
1909 0.042850
1910 0.013847
1911 0.017370
1912 0.029857
1913 0.040158
1914 0.014084
1915 0.023621
1916 0.012084
1917 0.010999
1918 0.033403
1919 0.174543
1920 0.011764
1921 0.018280
1922 0.014627
1923 0.070085
1924 0.061997
1925 0.010391
1926 0.072888
1927 0.015095
1928 0.148391
1929 0.033987
1930 0.023377
1931 0.010311
1932 0.023235
1933 0.020411
1934 0.026765
1935 0.021995
1936 0.014708
1937 0.012064
1938 0.015312
1939 0.010271
1940 0.017072
1941 0.010037
1942 0.012429
1943 0.011945
1944 0.016356
1945 0.012135
1946 0.018390
1947 0.015615
1948 0.049186
1949 0.012126
1950 0.012843
1951 0.019947
1952 0.012070
1953 0.022072
1954 0.085161
1955 0.023557
1956 0.010415
1957 0.027133
1958 0.011204
1959 0.030075
1960 0.029250
1961 0.016073
1962 0.012043
1963 0.011797
1964 0.134520
1965 0.015135
1966 0.023219
1967 0.013286
1968 0.012388
1969 0.017236
1970 0.015237
1971 0.010524
1972 0.044967
1973 0.010609
1974 0.013304
1975 0.011382
1976 0.010016
1977 0.018233
1978 0.010872
1979 0.019244
1980 0.014562
1981 0.032401
1982 0.012521
1983 0.011429
1984 0.016655
1985 0.013175
1986 0.042998
1987 0.011547
1988 0.014083
1989 0.066197
1990 0.023373
1991 0.010117
1992 0.012028
1993 0.021869
1994 0.010515
1995 0.063521
1996 0.011826
1997 0.015783
1998 0.015539
1999 0.010227
2000 0.016530
